Temperatura inicial: 10000 | População inicial aleatória 
Função de resfriamento linear | 1000 execuções
109 99 161 | 0 202
106 100 105 | 0 231
117 100 393 | 0 392
106 100 382 | 0 271
117 100 824 | 0 301
117 100 916 | 0 302
117 100 27 | 0 145
117 100 437 | 77 86
117 100 589 | 0 211
117 100 751 | 0 198
117 100 22 | 71 77
109 99 119 | 0 238
109 99 874 | 0 236
117 100 299 | 0 338
117 100 351 | 0 369
103 95 435 | 0 471
117 100 596 | 84 88
106 100 123 | 83 90
117 100 189 | 0 176
109 99 79 | 0 193
109 99 494 | 0 138
106 100 256 | 0 216
117 100 554 | 66 67
117 100 367 | 0 319
106 100 935 | 0 210
117 100 414 | 91 78
117 100 286 | 0 269
106 100 253 | 0 364
117 100 911 | 0 337
117 100 752 | 0 238
117 100 352 | 0 213
117 100 693 | 0 364
117 100 669 | 0 184
117 100 582 | 0 304
117 100 594 | 0 349
106 100 485 | 0 330
117 100 968 | 0 268
109 99 8 | 0 287
117 100 401 | 0 190
117 100 993 | 117 100
117 100 342 | 0 280
109 99 773 | 0 261
109 99 273 | 0 256
109 99 85 | 0 239
117 100 491 | 0 309
109 99 335 | 0 309
117 100 329 | 0 230
106 100 643 | 0 354
117 100 465 | 0 230
117 100 532 | 80 91
117 100 818 | 0 268
117 100 66 | 0 392
117 100 188 | 0 395
117 100 701 | 0 394
105 96 386 | 0 176
117 100 997 | 117 100
117 100 359 | 0 302
117 100 804 | 0 257
109 99 356 | 98 93
109 99 505 | 0 360
117 100 628 | 85 100
105 96 862 | 0 368
109 99 310 | 0 257
106 100 257 | 0 323
117 100 407 | 105 96
109 99 513 | 0 254
117 100 437 | 105 96
117 100 215 | 0 249
117 100 436 | 66 67
109 99 644 | 0 176
109 99 415 | 0 243
117 100 162 | 0 214
117 100 578 | 0 226
117 100 294 | 0 243
117 100 163 | 0 471
109 99 370 | 0 261
117 100 867 | 0 234
106 100 335 | 0 220
105 96 391 | 0 174
106 100 72 | 0 317
109 99 796 | 0 347
117 100 111 | 98 93
117 100 121 | 0 299
109 99 235 | 0 308
117 100 187 | 90 92
117 100 8 | 66 67
117 100 201 | 91 91
109 99 551 | 0 203
109 99 38 | 0 113
106 100 462 | 0 212
117 100 182 | 0 185
117 100 768 | 0 272
117 100 162 | 90 92
103 95 756 | 0 320
117 100 727 | 0 290
117 100 294 | 0 206
117 100 83 | 0 230
106 100 892 | 0 344
117 100 463 | 0 366
117 100 217 | 90 92
117 100 391 | 0 291
117 100 207 | 0 161
105 96 230 | 97 95
117 100 779 | 0 195
117 100 32 | 0 142
106 100 474 | 0 281
117 100 911 | 0 370
117 100 93 | 0 253
105 96 558 | 0 311
117 100 314 | 91 78
117 100 818 | 0 423
117 100 528 | 92 95
117 100 105 | 0 397
117 100 423 | 0 274
109 99 811 | 0 333
117 100 100 | 0 201
117 100 213 | 0 262
117 100 732 | 0 332
109 99 527 | 0 259
117 100 410 | 0 286
117 100 189 | 0 144
109 99 968 | 0 368
117 100 222 | 0 492
106 100 403 | 0 314
117 100 362 | 0 382
117 100 205 | 0 128
117 100 156 | 85 74
105 96 503 | 0 311
117 100 375 | 0 304
109 99 955 | 0 373
117 100 232 | 99 97
117 100 16 | 87 93
117 100 696 | 92 95
103 95 684 | 0 209
117 100 123 | 0 354
117 100 342 | 0 188
109 99 178 | 91 91
106 100 331 | 0 245
117 100 333 | 0 421
106 100 299 | 0 394
109 99 880 | 0 226
106 100 540 | 77 81
117 100 591 | 0 238
117 100 336 | 0 344
106 100 303 | 0 222
117 100 132 | 0 306
117 100 904 | 0 302
117 100 804 | 0 147
109 99 880 | 0 311
117 100 346 | 0 380
117 100 6 | 85 95
117 100 237 | 0 359
105 96 430 | 0 254
117 100 524 | 0 346
117 100 39 | 0 188
117 100 723 | 0 335
117 100 578 | 0 165
117 100 748 | 0 421
106 100 152 | 0 184
109 99 91 | 0 129
117 100 754 | 105 96
117 100 637 | 0 212
117 100 403 | 0 242
117 100 98 | 0 304
109 99 590 | 0 326
117 100 399 | 0 282
117 100 368 | 0 221
117 100 325 | 0 163
106 100 939 | 0 371
109 99 42 | 0 141
117 100 388 | 0 304
109 99 826 | 87 93
117 100 93 | 0 242
105 96 668 | 0 328
117 100 154 | 0 349
109 99 403 | 0 304
117 100 404 | 0 319
109 99 288 | 0 322
117 100 400 | 0 264
117 100 498 | 0 320
109 99 97 | 0 371
106 100 46 | 0 312
117 100 96 | 0 328
105 96 553 | 0 341
117 100 624 | 0 231
117 100 320 | 0 232
98 93 848 | 0 241
109 99 283 | 0 156
117 100 374 | 0 243
106 100 155 | 0 293
117 100 903 | 0 292
117 100 516 | 0 363
117 100 509 | 0 124
99 97 76 | 0 172
106 100 400 | 0 241
109 99 790 | 0 243
109 99 496 | 0 357
109 99 543 | 91 91
117 100 722 | 0 271
117 100 868 | 0 347
117 100 323 | 0 243
117 100 461 | 0 367
117 100 166 | 58 48
117 100 340 | 0 325
109 99 425 | 0 232
117 100 45 | 0 312
117 100 119 | 0 243
117 100 496 | 77 73
109 99 680 | 0 209
117 100 524 | 0 267
106 100 353 | 0 164
117 100 948 | 0 123
109 99 131 | 0 209
117 100 655 | 90 92
109 99 284 | 0 346
109 99 391 | 0 397
106 100 322 | 85 100
106 100 579 | 0 304
117 100 707 | 91 78
117 100 799 | 0 230
117 100 754 | 0 363
117 100 952 | 0 354
109 99 470 | 0 206
109 99 173 | 90 92
117 100 200 | 0 319
117 100 163 | 109 99
109 99 26 | 0 324
117 100 248 | 0 207
117 100 211 | 0 404
117 100 350 | 0 338
109 99 894 | 0 283
117 100 20 | 0 338
117 100 364 | 0 220
109 99 55 | 0 323
109 99 287 | 0 326
117 100 38 | 0 280
117 100 464 | 0 295
117 100 377 | 0 314
117 100 680 | 0 290
109 99 453 | 0 221
109 99 466 | 0 345
105 96 299 | 0 332
99 97 554 | 98 93
117 100 195 | 0 271
117 100 263 | 0 140
117 100 121 | 0 273
117 100 743 | 0 254
117 100 6 | 0 285
117 100 4 | 63 76
106 100 85 | 0 272
117 100 778 | 91 91
106 100 278 | 0 264
117 100 200 | 0 294
117 100 753 | 109 99
117 100 234 | 0 140
117 100 6 | 0 214
117 100 909 | 0 306
109 99 784 | 0 377
117 100 86 | 0 180
109 99 83 | 0 287
105 96 252 | 0 221
106 100 171 | 0 280
117 100 140 | 103 95
117 100 624 | 0 319
109 99 27 | 0 306
117 100 57 | 0 187
106 100 192 | 0 141
117 100 562 | 0 392
109 99 168 | 0 366
109 99 74 | 0 188
117 100 907 | 0 310
117 100 896 | 0 245
117 100 101 | 0 264
105 96 43 | 0 243
117 100 417 | 0 241
117 100 100 | 73 70
117 100 727 | 84 88
117 100 715 | 79 85
109 99 685 | 85 95
117 100 381 | 0 341
117 100 323 | 0 331
103 95 409 | 0 143
97 95 799 | 0 193
117 100 115 | 0 194
106 100 941 | 99 97
103 95 864 | 0 262
117 100 13 | 0 217
117 100 385 | 0 122
117 100 718 | 0 255
117 100 653 | 0 166
103 95 786 | 0 133
117 100 428 | 0 280
109 99 70 | 0 204
117 100 305 | 0 352
109 99 749 | 0 372
117 100 376 | 0 321
117 100 647 | 0 172
109 99 65 | 0 226
109 99 560 | 0 246
117 100 130 | 0 316
109 99 35 | 0 279
117 100 534 | 0 299
109 99 549 | 103 95
103 95 948 | 59 65
109 99 59 | 0 290
117 100 568 | 0 347
117 100 660 | 0 297
117 100 441 | 0 276
106 100 769 | 0 274
109 99 446 | 77 81
117 100 556 | 0 160
117 100 362 | 0 172
103 95 208 | 73 88
106 100 116 | 0 286
117 100 113 | 109 99
103 95 286 | 0 261
117 100 838 | 0 418
109 99 281 | 0 144
106 100 707 | 0 287
117 100 439 | 0 363
117 100 713 | 0 256
117 100 280 | 117 100
117 100 798 | 0 133
109 99 225 | 0 326
106 100 680 | 0 379
117 100 549 | 0 191
106 100 746 | 0 290
109 99 389 | 0 323
117 100 209 | 0 176
109 99 347 | 0 325
117 100 418 | 0 416
117 100 36 | 0 135
117 100 647 | 92 95
117 100 920 | 0 267
117 100 887 | 0 343
117 100 441 | 0 173
117 100 758 | 0 216
117 100 353 | 109 99
117 100 659 | 0 245
109 99 240 | 99 97
117 100 432 | 0 238
117 100 687 | 0 217
106 100 12 | 90 92
117 100 469 | 91 91
117 100 452 | 0 186
109 99 660 | 0 233
109 99 220 | 0 235
109 99 100 | 91 91
103 95 123 | 0 368
117 100 0 | 0 385
117 100 306 | 0 254
117 100 97 | 0 349
117 100 261 | 0 356
106 100 595 | 0 124
117 100 691 | 0 304
109 99 334 | 97 95
117 100 377 | 0 257
117 100 551 | 0 301
117 100 1 | 0 342
117 100 970 | 90 92
117 100 672 | 0 166
109 99 74 | 0 171
117 100 562 | 85 100
117 100 363 | 85 100
106 100 76 | 0 342
117 100 165 | 89 98
117 100 383 | 0 306
109 99 9 | 0 268
117 100 784 | 0 351
117 100 447 | 0 332
109 99 105 | 0 264
117 100 251 | 0 320
117 100 906 | 0 392
109 99 600 | 0 259
109 99 394 | 105 96
105 96 673 | 91 78
109 99 9 | 0 437
109 99 104 | 0 181
109 99 410 | 0 238
109 99 108 | 0 330
109 99 668 | 0 249
117 100 197 | 0 221
117 100 411 | 0 212
106 100 869 | 73 88
117 100 43 | 0 368
109 99 158 | 0 198
109 99 876 | 0 197
99 97 107 | 0 238
117 100 320 | 91 91
117 100 406 | 0 262
109 99 160 | 0 268
117 100 25 | 0 222
117 100 164 | 0 243
106 100 157 | 0 307
117 100 383 | 0 334
109 99 728 | 0 161
117 100 16 | 51 64
109 99 137 | 0 174
97 95 719 | 0 449
109 99 216 | 0 157
109 99 548 | 0 223
117 100 691 | 89 98
109 99 298 | 58 66
106 100 741 | 0 148
117 100 45 | 0 243
106 100 479 | 0 207
117 100 124 | 0 330
117 100 645 | 0 232
117 100 10 | 0 302
117 100 177 | 0 363
117 100 752 | 106 100
98 93 166 | 0 269
117 100 283 | 0 307
117 100 500 | 0 183
117 100 100 | 58 66
109 99 247 | 0 352
117 100 474 | 0 272
117 100 797 | 0 326
99 97 272 | 63 76
117 100 59 | 0 225
117 100 90 | 0 249
117 100 36 | 97 95
105 96 344 | 0 297
117 100 496 | 77 86
117 100 264 | 0 124
117 100 547 | 0 253
117 100 30 | 0 399
106 100 353 | 0 187
109 99 769 | 0 306
109 99 871 | 91 91
117 100 262 | 103 95
117 100 500 | 0 172
109 99 249 | 0 180
117 100 390 | 0 176
117 100 953 | 0 235
117 100 400 | 0 324
109 99 865 | 90 92
117 100 870 | 83 90
117 100 421 | 0 336
109 99 233 | 0 294
106 100 104 | 0 224
106 100 895 | 0 215
117 100 66 | 0 295
109 99 213 | 0 209
105 96 615 | 0 396
117 100 572 | 0 283
117 100 130 | 0 243
109 99 193 | 0 302
117 100 868 | 0 166
117 100 821 | 0 246
109 99 391 | 0 261
117 100 413 | 45 55
109 99 107 | 0 283
117 100 984 | 0 232
109 99 74 | 0 299
117 100 88 | 0 206
109 99 99 | 0 211
117 100 802 | 0 216
117 100 257 | 0 221
117 100 415 | 0 188
117 100 164 | 0 230
106 100 93 | 0 318
109 99 685 | 79 85
109 99 807 | 0 389
109 99 89 | 0 128
117 100 88 | 0 238
109 99 568 | 0 238
106 100 257 | 0 319
117 100 528 | 0 210
117 100 557 | 0 251
109 99 510 | 0 321
117 100 845 | 0 198
117 100 131 | 65 69
117 100 221 | 78 98
117 100 450 | 73 70
117 100 139 | 117 100
117 100 301 | 0 280
117 100 934 | 0 328
117 100 48 | 0 244
117 100 163 | 0 311
109 99 39 | 89 98
117 100 236 | 0 299
117 100 490 | 0 246
117 100 614 | 0 363
117 100 692 | 0 426
117 100 90 | 76 69
117 100 158 | 0 352
117 100 71 | 0 287
106 100 638 | 0 260
117 100 0 | 0 136
109 99 170 | 0 187
109 99 530 | 0 225
105 96 763 | 0 251
117 100 100 | 0 291
117 100 556 | 0 342
117 100 509 | 0 292
117 100 286 | 0 228
117 100 131 | 0 328
117 100 660 | 84 88
117 100 621 | 92 95
117 100 617 | 0 323
117 100 180 | 0 330
117 100 828 | 0 352
117 100 412 | 0 161
109 99 542 | 0 224
109 99 71 | 0 138
117 100 713 | 0 283
117 100 21 | 105 96
117 100 629 | 0 187
106 100 912 | 0 199
109 99 10 | 85 95
117 100 0 | 0 396
117 100 301 | 0 226
117 100 754 | 91 78
117 100 559 | 77 86
117 100 933 | 0 202
117 100 439 | 92 95
109 99 712 | 0 203
106 100 459 | 0 242
109 99 863 | 0 264
117 100 691 | 0 401
105 96 691 | 0 255
109 99 621 | 77 73
117 100 555 | 65 69
117 100 387 | 0 421
117 100 659 | 0 392
106 100 15 | 0 209
103 95 183 | 0 466
106 100 414 | 0 253
106 100 427 | 0 275
117 100 596 | 0 124
117 100 180 | 0 445
117 100 42 | 0 146
117 100 255 | 0 232
109 99 688 | 0 323
109 99 725 | 0 323
109 99 340 | 0 307
117 100 557 | 0 242
109 99 129 | 0 346
117 100 805 | 73 88
117 100 655 | 99 97
109 99 910 | 0 224
117 100 738 | 0 256
117 100 543 | 92 95
117 100 250 | 0 219
106 100 580 | 0 176
117 100 361 | 91 91
117 100 850 | 105 96
117 100 248 | 109 99
117 100 774 | 0 303
117 100 279 | 0 286
117 100 115 | 0 368
117 100 173 | 0 279
106 100 226 | 0 252
109 99 36 | 0 323
98 93 104 | 58 48
117 100 333 | 0 366
109 99 32 | 0 191
105 96 156 | 0 247
117 100 279 | 0 364
106 100 973 | 89 98
109 99 859 | 0 176
117 100 920 | 85 100
106 100 727 | 0 325
106 100 130 | 0 203
117 100 359 | 0 246
109 99 360 | 0 249
117 100 205 | 91 91
109 99 676 | 0 242
117 100 542 | 91 91
117 100 788 | 0 223
109 99 960 | 97 95
109 99 817 | 0 245
109 99 767 | 0 278
117 100 535 | 0 188
109 99 920 | 0 347
117 100 98 | 0 257
109 99 628 | 80 91
103 95 45 | 0 378
117 100 859 | 80 91
117 100 787 | 50 47
105 96 902 | 0 193
117 100 481 | 0 444
105 96 180 | 0 129
117 100 226 | 0 246
117 100 260 | 80 91
105 96 216 | 0 418
117 100 964 | 0 283
105 96 905 | 0 214
106 100 332 | 0 202
106 100 702 | 0 309
117 100 754 | 0 323
109 99 356 | 0 301
103 95 780 | 0 394
117 100 699 | 0 290
117 100 46 | 0 115
117 100 783 | 0 143
106 100 978 | 0 304
117 100 265 | 0 418
117 100 466 | 0 316
117 100 148 | 0 385
117 100 870 | 0 304
117 100 772 | 0 279
106 100 269 | 0 264
106 100 11 | 44 43
99 97 870 | 0 264
109 99 111 | 80 91
103 95 595 | 0 306
117 100 244 | 0 404
103 95 713 | 0 180
117 100 280 | 0 201
117 100 178 | 0 351
117 100 147 | 83 90
117 100 701 | 79 85
117 100 449 | 0 228
117 100 161 | 0 224
109 99 137 | 0 221
117 100 1000 | 117 100
117 100 65 | 77 86
117 100 562 | 83 90
109 99 978 | 90 92
117 100 31 | 0 232
117 100 455 | 0 183
117 100 283 | 0 302
109 99 379 | 0 265
117 100 184 | 0 167
109 99 269 | 0 304
117 100 259 | 0 121
117 100 274 | 0 289
117 100 555 | 0 364
117 100 40 | 77 73
106 100 84 | 0 164
117 100 239 | 72 71
117 100 749 | 0 216
109 99 735 | 0 206
117 100 159 | 0 363
117 100 606 | 0 333
117 100 128 | 0 371
117 100 213 | 0 297
117 100 969 | 98 93
109 99 692 | 0 228
99 97 584 | 0 164
117 100 502 | 0 271
109 99 96 | 0 198
109 99 832 | 0 309
117 100 229 | 0 295
109 99 573 | 0 363
117 100 685 | 117 100
106 100 794 | 0 303
117 100 169 | 0 267
117 100 332 | 0 277
117 100 716 | 0 209
117 100 82 | 0 215
106 100 30 | 65 69
106 100 114 | 0 236
106 100 188 | 0 221
109 99 523 | 0 164
117 100 676 | 105 96
117 100 346 | 0 176
109 99 240 | 63 76
117 100 501 | 0 338
117 100 993 | 117 100
109 99 660 | 0 282
109 99 462 | 0 206
117 100 879 | 0 210
109 99 715 | 97 95
117 100 44 | 0 298
117 100 535 | 0 204
117 100 571 | 0 167
109 99 753 | 0 231
117 100 744 | 105 96
117 100 703 | 0 447
109 99 237 | 0 386
117 100 189 | 0 289
117 100 497 | 109 99
109 99 71 | 0 344
117 100 364 | 0 185
117 100 730 | 0 287
117 100 116 | 98 93
106 100 725 | 97 95
106 100 520 | 97 95
117 100 706 | 79 85
109 99 591 | 0 269
117 100 138 | 0 276
106 100 369 | 0 380
106 100 170 | 0 352
106 100 623 | 0 373
109 99 650 | 0 247
109 99 808 | 0 184
109 99 17 | 0 226
117 100 628 | 0 253
117 100 234 | 0 176
109 99 438 | 0 312
99 97 366 | 0 290
117 100 155 | 0 226
117 100 201 | 0 152
106 100 20 | 0 352
117 100 297 | 0 165
106 100 471 | 0 364
103 95 63 | 0 425
109 99 415 | 76 69
117 100 213 | 0 333
109 99 982 | 0 173
117 100 40 | 0 294
109 99 836 | 0 248
109 99 132 | 0 347
117 100 374 | 84 88
117 100 18 | 0 241
109 99 549 | 0 378
117 100 737 | 0 368
98 93 86 | 0 301
117 100 698 | 50 47
105 96 659 | 0 293
117 100 2 | 0 371
109 99 52 | 73 88
109 99 14 | 98 93
117 100 893 | 91 91
117 100 163 | 83 90
117 100 976 | 0 293
109 99 381 | 0 167
117 100 311 | 0 335
109 99 350 | 0 297
117 100 122 | 91 78
117 100 362 | 0 233
117 100 145 | 0 262
117 100 465 | 0 183
117 100 64 | 0 308
106 100 360 | 0 218
117 100 846 | 73 88
106 100 775 | 0 191
109 99 493 | 0 203
106 100 237 | 0 204
117 100 461 | 0 150
109 99 496 | 0 281
109 99 343 | 0 203
106 100 334 | 0 283
117 100 872 | 0 215
117 100 77 | 0 349
117 100 457 | 0 285
98 93 164 | 0 154
109 99 979 | 0 273
117 100 209 | 84 88
109 99 394 | 0 423
103 95 315 | 0 159
117 100 253 | 0 358
117 100 150 | 58 66
109 99 632 | 0 310
117 100 349 | 0 290
117 100 837 | 0 219
117 100 165 | 0 268
117 100 71 | 0 242
117 100 186 | 0 230
117 100 289 | 0 260
117 100 785 | 0 321
109 99 385 | 0 328
109 99 51 | 0 251
106 100 777 | 0 283
105 96 689 | 0 284
117 100 907 | 0 233
109 99 119 | 0 162
117 100 393 | 0 223
103 95 231 | 0 242
106 100 253 | 85 74
117 100 555 | 106 100
117 100 602 | 91 91
117 100 367 | 0 307
117 100 773 | 77 73
105 96 763 | 0 286
106 100 784 | 0 330
117 100 742 | 0 392
117 100 319 | 0 369
117 100 673 | 0 349
117 100 18 | 0 138
117 100 491 | 0 302
117 100 756 | 0 306
117 100 794 | 0 404
117 100 7 | 65 69
117 100 733 | 0 331
117 100 490 | 90 92
109 99 398 | 77 73
106 100 168 | 0 261
109 99 317 | 0 239
117 100 50 | 71 77
117 100 943 | 0 202
106 100 873 | 0 414
106 100 49 | 0 156
117 100 829 | 0 323
117 100 210 | 65 69
117 100 20 | 80 91
105 96 157 | 89 98
117 100 698 | 0 247
117 100 804 | 0 338
109 99 307 | 59 65
117 100 215 | 0 395
117 100 179 | 80 91
117 100 650 | 0 316
117 100 829 | 0 242
117 100 273 | 0 357
117 100 764 | 79 85
106 100 180 | 85 100
117 100 204 | 0 286
99 97 946 | 0 244
109 99 832 | 0 282
117 100 28 | 0 357
117 100 984 | 0 263
117 100 407 | 0 328
117 100 577 | 0 226
117 100 233 | 0 110
109 99 17 | 0 225
117 100 123 | 0 147
106 100 405 | 0 341
117 100 255 | 0 209
109 99 30 | 0 202
106 100 602 | 99 97
117 100 766 | 0 234
109 99 510 | 0 267
117 100 893 | 0 263
106 100 58 | 0 202
117 100 712 | 77 86
117 100 297 | 0 204
105 96 777 | 0 359
117 100 157 | 0 316
117 100 136 | 0 257
117 100 376 | 0 269
117 100 926 | 0 358
117 100 775 | 51 64
109 99 2 | 0 323
117 100 855 | 0 305
117 100 276 | 98 93
117 100 690 | 0 213
117 100 655 | 45 55
103 95 708 | 0 245
117 100 338 | 0 373
117 100 15 | 0 330
117 100 286 | 45 55
117 100 750 | 0 159
117 100 77 | 0 397
109 99 526 | 0 320
109 99 946 | 76 69
109 99 343 | 0 216
105 96 457 | 0 262
106 100 91 | 91 91
109 99 694 | 0 232
117 100 420 | 0 254
117 100 217 | 0 273
105 96 144 | 0 245
117 100 983 | 117 100
109 99 327 | 0 262
117 100 969 | 0 416
109 99 430 | 0 401
103 95 529 | 0 247
117 100 787 | 0 349
103 95 295 | 0 326
109 99 754 | 89 98
117 100 88 | 0 164
117 100 388 | 0 258
109 99 200 | 0 380
117 100 8 | 0 290
106 100 312 | 0 229
117 100 841 | 0 302
109 99 801 | 0 125
105 96 499 | 0 249
109 99 327 | 0 251
117 100 706 | 0 440
106 100 728 | 73 88
117 100 788 | 0 290
103 95 501 | 0 330
117 100 335 | 92 95
117 100 312 | 0 193
109 99 159 | 0 198
117 100 637 | 0 320
117 100 172 | 0 218
117 100 376 | 0 209
117 100 137 | 0 224
109 99 59 | 91 91
117 100 211 | 0 449
117 100 142 | 79 74
106 100 626 | 0 249
117 100 298 | 0 250
109 99 421 | 0 282
117 100 114 | 0 162
109 99 349 | 0 383
109 99 287 | 0 228
99 97 557 | 0 269
117 100 242 | 0 257
117 100 631 | 0 147
117 100 161 | 117 100
109 99 408 | 0 328
117 100 54 | 0 374
117 100 977 | 0 118
117 100 99 | 0 309
106 100 907 | 0 223
117 100 808 | 76 69
117 100 409 | 92 95
105 96 787 | 0 170
117 100 50 | 0 322
106 100 962 | 0 273
109 99 197 | 0 328
109 99 882 | 0 223
117 100 369 | 0 156
117 100 261 | 0 311
117 100 734 | 0 148
109 99 39 | 0 286
106 100 24 | 0 241
109 99 554 | 0 251
106 100 554 | 0 204
109 99 326 | 0 352
106 100 148 | 0 378
109 99 33 | 0 283
105 96 405 | 0 245
117 100 347 | 0 227
105 96 47 | 0 157
117 100 746 | 0 321
109 99 194 | 0 383
117 100 411 | 97 95
109 99 84 | 0 297
117 100 916 | 0 352
106 100 363 | 0 411
117 100 795 | 0 159
117 100 455 | 0 243
117 100 226 | 0 208
109 99 252 | 0 248
117 100 317 | 85 100
109 99 421 | 0 292
117 100 878 | 0 173
109 99 776 | 0 203
117 100 106 | 92 95
117 100 264 | 0 330
103 95 614 | 0 299
117 100 592 | 0 187
106 100 764 | 0 366
117 100 743 | 0 169
109 99 729 | 0 278
117 100 381 | 0 224
117 100 576 | 71 77
117 100 739 | 85 95
117 100 475 | 0 227
117 100 760 | 0 449
117 100 101 | 0 249
103 95 567 | 0 196
117 100 430 | 0 261
109 99 238 | 0 173
117 100 942 | 0 323
117 100 452 | 0 195
106 100 765 | 0 395
117 100 278 | 0 327
117 100 263 | 0 254
117 100 213 | 76 69
117 100 970 | 0 116
109 99 292 | 0 160
117 100 805 | 0 257
117 100 892 | 0 238
117 100 214 | 0 161
99 97 159 | 0 145
117 100 291 | 0 198
117 100 213 | 98 93
117 100 271 | 0 196
105 96 940 | 63 76
117 100 786 | 0 355
117 100 173 | 0 239
117 100 218 | 0 335
109 99 113 | 73 88
117 100 490 | 0 385
117 100 53 | 91 91
109 99 522 | 0 306
117 100 346 | 0 379
109 99 339 | 0 328
117 100 160 | 0 359
117 100 462 | 0 380
117 100 72 | 0 286
109 99 108 | 103 95
117 100 469 | 0 373
117 100 230 | 0 288
109 99 772 | 83 90
117 100 517 | 0 337
106 100 291 | 0 178
105 96 769 | 0 235
117 100 753 | 0 247
109 99 365 | 0 112
117 100 144 | 0 278
105 96 554 | 0 235
106 100 174 | 0 286
117 100 0 | 0 199
106 100 410 | 0 249
117 100 83 | 0 184
117 100 43 | 0 235
109 99 862 | 92 95
117 100 136 | 0 325
117 100 111 | 0 257
117 100 22 | 90 92
117 100 559 | 65 69
117 100 16 | 0 221
117 100 810 | 0 278
117 100 318 | 0 275
117 100 450 | 0 299
117 100 140 | 0 195
103 95 4 | 0 273
106 100 234 | 0 301
109 99 414 | 0 360
109 99 28 | 0 328
Media das Iteracoes: 426.173
Valor: 117 - Aparece 592 vezes
Valor: 109 - Aparece 223 vezes
Valor: 106 - Aparece 107 vezes
Valor: 105 - Aparece 36 vezes
Valor: 103 - Aparece 25 vezes
Valor: 99 - Aparece 10 vezes
Valor: 98 - Aparece 5 vezes
Valor: 97 - Aparece 2 vezes
Porcentagem de ocorrências do maior valor em relação a todos os outros: 59.2%

Temperatura inicial: 10000 | População inicial fixa em 0's
Função de resfriamento linear | 1000 execuções
106 100 751 | 0 221
117 100 254 | 0 278
106 100 749 | 0 312
109 99 382 | 71 77
109 99 921 | 72 71
117 100 422 | 0 294
103 95 322 | 0 262
117 100 504 | 0 294
117 100 848 | 0 327
117 100 302 | 59 52
109 99 704 | 77 73
117 100 196 | 0 276
109 99 992 | 109 99
117 100 129 | 0 337
109 99 782 | 87 93
117 100 74 | 0 211
117 100 40 | 63 76
109 99 947 | 0 337
117 100 944 | 0 273
105 96 948 | 0 422
117 100 323 | 0 261
109 99 52 | 0 280
117 100 730 | 90 92
117 100 592 | 0 249
117 100 6 | 0 133
109 99 880 | 0 227
117 100 510 | 0 212
117 100 120 | 0 189
117 100 514 | 66 67
117 100 230 | 0 178
117 100 481 | 0 314
109 99 720 | 0 206
117 100 174 | 0 390
109 99 24 | 0 304
117 100 244 | 0 187
109 99 528 | 0 308
117 100 770 | 0 284
117 100 16 | 0 378
117 100 756 | 0 449
117 100 603 | 0 325
117 100 985 | 0 294
117 100 814 | 0 337
117 100 42 | 0 142
117 100 674 | 0 359
117 100 714 | 0 304
117 100 464 | 0 325
109 99 63 | 0 306
97 95 132 | 0 189
109 99 542 | 0 216
106 100 607 | 0 197
106 100 7 | 0 271
109 99 842 | 0 208
109 99 716 | 0 307
117 100 456 | 0 219
109 99 242 | 59 65
117 100 582 | 0 264
117 100 64 | 0 122
117 100 634 | 0 324
106 100 339 | 0 170
117 100 86 | 0 264
106 100 415 | 77 73
117 100 764 | 0 138
109 99 210 | 0 240
117 100 478 | 0 243
117 100 444 | 0 273
117 100 793 | 0 254
117 100 296 | 0 302
117 100 554 | 0 272
109 99 668 | 0 244
105 96 955 | 0 237
109 99 524 | 0 418
117 100 346 | 0 309
117 100 496 | 0 171
105 96 292 | 0 223
117 100 722 | 0 138
109 99 463 | 0 286
117 100 386 | 0 240
109 99 121 | 0 314
109 99 488 | 0 471
117 100 770 | 103 95
117 100 520 | 0 249
109 99 488 | 0 416
109 99 458 | 0 316
117 100 328 | 0 227
109 99 606 | 0 247
117 100 671 | 0 290
105 96 82 | 0 222
117 100 880 | 0 298
109 99 2 | 0 202
99 97 925 | 87 93
117 100 502 | 0 349
109 99 742 | 0 402
106 100 404 | 0 325
117 100 24 | 0 176
106 100 185 | 0 169
117 100 198 | 0 187
117 100 130 | 0 255
109 99 592 | 79 85
109 99 477 | 0 277
117 100 440 | 0 208
117 100 432 | 0 375
117 100 24 | 0 346
103 95 130 | 0 274
103 95 384 | 0 323
117 100 334 | 0 237
109 99 198 | 73 70
117 100 764 | 0 394
117 100 738 | 0 193
117 100 645 | 89 98
117 100 574 | 0 262
117 100 348 | 91 91
109 99 34 | 0 304
109 99 452 | 0 176
109 99 712 | 0 328
117 100 12 | 0 401
117 100 92 | 0 267
106 100 961 | 0 278
117 100 290 | 91 91
106 100 475 | 0 285
109 99 170 | 0 349
109 99 520 | 91 91
117 100 550 | 0 335
109 99 571 | 0 202
117 100 796 | 109 99
103 95 664 | 0 250
117 100 170 | 0 221
106 100 384 | 0 160
117 100 134 | 0 310
117 100 92 | 83 90
117 100 138 | 0 307
106 100 361 | 0 190
106 100 679 | 0 352
117 100 200 | 0 155
103 95 854 | 0 204
109 99 580 | 83 90
109 99 60 | 0 206
117 100 236 | 0 376
117 100 393 | 0 300
109 99 344 | 0 243
117 100 179 | 106 100
117 100 188 | 0 307
117 100 704 | 0 264
117 100 168 | 0 225
117 100 160 | 0 200
109 99 138 | 0 247
117 100 388 | 0 243
109 99 581 | 0 423
106 100 415 | 0 165
109 99 236 | 0 166
117 100 847 | 0 209
109 99 863 | 0 164
117 100 252 | 0 234
105 96 259 | 0 293
109 99 266 | 0 215
117 100 74 | 0 378
117 100 104 | 0 364
109 99 788 | 0 160
117 100 300 | 0 220
106 100 229 | 0 155
109 99 118 | 0 401
117 100 110 | 0 196
117 100 204 | 0 227
109 99 638 | 0 300
109 99 301 | 0 298
105 96 34 | 0 271
109 99 6 | 0 330
117 100 540 | 0 150
109 99 44 | 71 77
117 100 16 | 0 254
117 100 981 | 103 95
109 99 4 | 0 328
106 100 547 | 0 278
109 99 932 | 91 91
117 100 224 | 0 178
106 100 477 | 0 177
109 99 158 | 0 302
106 100 934 | 0 170
117 100 148 | 0 264
117 100 404 | 0 401
117 100 468 | 0 281
109 99 240 | 0 159
106 100 231 | 0 121
117 100 138 | 117 100
117 100 738 | 0 278
109 99 775 | 0 257
117 100 854 | 0 225
117 100 278 | 0 228
117 100 204 | 71 77
117 100 184 | 109 99
109 99 413 | 0 419
97 95 36 | 0 169
117 100 432 | 77 86
109 99 314 | 0 291
117 100 154 | 45 55
117 100 962 | 0 238
117 100 312 | 77 81
109 99 888 | 0 297
109 99 841 | 71 77
117 100 590 | 79 74
117 100 949 | 79 85
103 95 251 | 0 326
106 100 533 | 0 218
117 100 735 | 0 283
109 99 152 | 0 194
109 99 244 | 71 77
117 100 424 | 0 323
109 99 197 | 0 276
117 100 462 | 0 332
103 95 979 | 0 210
109 99 88 | 0 151
117 100 665 | 0 268
117 100 703 | 0 317
117 100 106 | 0 238
117 100 464 | 0 286
117 100 646 | 99 97
106 100 791 | 18 21
117 100 287 | 0 279
117 100 608 | 0 223
109 99 618 | 0 169
117 100 901 | 0 121
117 100 30 | 0 320
109 99 442 | 0 300
117 100 802 | 0 333
109 99 158 | 0 319
105 96 852 | 0 128
117 100 178 | 0 423
117 100 462 | 0 285
117 100 328 | 0 293
103 95 82 | 87 93
109 99 276 | 0 171
117 100 367 | 0 375
109 99 242 | 0 292
117 100 424 | 0 271
117 100 94 | 0 278
117 100 746 | 0 195
109 99 846 | 0 201
109 99 184 | 0 148
117 100 618 | 73 88
106 100 213 | 89 98
106 100 655 | 0 300
105 96 544 | 0 341
117 100 488 | 0 269
117 100 474 | 0 245
106 100 7 | 0 306
117 100 498 | 0 389
117 100 621 | 105 96
106 100 595 | 0 334
106 100 850 | 0 103
105 96 914 | 0 304
109 99 402 | 0 375
105 96 550 | 0 345
117 100 652 | 0 180
105 96 440 | 0 238
109 99 889 | 0 245
117 100 772 | 0 164
117 100 126 | 85 74
117 100 805 | 0 198
117 100 542 | 106 100
117 100 734 | 59 52
117 100 138 | 0 349
117 100 478 | 92 95
117 100 640 | 0 176
117 100 24 | 72 71
117 100 340 | 0 162
109 99 516 | 0 351
109 99 830 | 0 233
117 100 388 | 77 81
117 100 548 | 0 216
109 99 448 | 0 319
90 92 586 | 0 167
109 99 390 | 0 320
106 100 817 | 79 85
109 99 362 | 0 349
106 100 125 | 0 242
117 100 940 | 0 306
117 100 390 | 0 342
106 100 107 | 0 342
117 100 791 | 0 254
117 100 370 | 0 251
117 100 50 | 98 93
117 100 324 | 0 143
109 99 180 | 0 241
117 100 224 | 0 121
117 100 104 | 77 81
117 100 841 | 0 380
117 100 78 | 0 293
109 99 832 | 0 245
117 100 82 | 0 251
109 99 546 | 0 247
109 99 746 | 0 298
117 100 607 | 0 287
109 99 88 | 0 290
109 99 128 | 0 245
117 100 791 | 0 191
117 100 522 | 0 190
109 99 726 | 0 217
99 97 145 | 0 298
117 100 120 | 0 302
117 100 595 | 0 342
109 99 374 | 0 216
117 100 958 | 0 301
109 99 264 | 0 319
117 100 288 | 0 249
117 100 309 | 79 74
117 100 18 | 0 207
117 100 521 | 0 269
109 99 346 | 0 331
117 100 594 | 0 328
109 99 326 | 0 171
106 100 3 | 0 116
117 100 646 | 84 88
106 100 743 | 0 418
106 100 446 | 0 294
98 93 124 | 0 198
117 100 156 | 0 146
109 99 70 | 0 223
117 100 726 | 0 278
106 100 954 | 0 228
106 100 131 | 0 288
117 100 222 | 73 88
117 100 886 | 0 427
109 99 128 | 85 95
117 100 634 | 91 91
117 100 194 | 0 267
109 99 64 | 0 297
117 100 78 | 0 145
117 100 926 | 51 64
117 100 446 | 106 100
106 100 737 | 0 121
117 100 836 | 78 98
109 99 942 | 0 268
105 96 722 | 0 204
117 100 844 | 0 359
117 100 54 | 0 219
117 100 961 | 0 233
109 99 833 | 66 67
106 100 928 | 0 309
117 100 475 | 0 201
117 100 965 | 0 185
117 100 150 | 0 425
99 97 345 | 0 109
117 100 332 | 0 268
117 100 442 | 50 47
117 100 126 | 0 344
117 100 140 | 0 375
117 100 530 | 73 88
105 96 870 | 0 425
106 100 12 | 0 284
117 100 650 | 0 319
117 100 4 | 0 193
117 100 508 | 0 345
109 99 742 | 0 190
117 100 340 | 0 299
105 96 446 | 0 283
109 99 840 | 0 259
117 100 68 | 0 216
117 100 263 | 0 142
109 99 698 | 99 97
117 100 14 | 0 183
117 100 526 | 0 232
117 100 528 | 0 210
109 99 232 | 0 251
117 100 2 | 0 336
117 100 891 | 0 294
117 100 795 | 0 276
117 100 291 | 0 239
117 100 870 | 0 145
109 99 528 | 0 166
117 100 258 | 0 231
109 99 150 | 0 231
117 100 306 | 0 376
105 96 818 | 0 146
117 100 268 | 0 217
106 100 17 | 0 266
109 99 312 | 0 243
109 99 326 | 0 240
117 100 28 | 0 148
117 100 214 | 0 344
109 99 188 | 0 269
103 95 234 | 0 292
117 100 108 | 0 270
117 100 466 | 91 91
117 100 8 | 0 278
109 99 54 | 0 210
117 100 346 | 91 91
117 100 460 | 0 199
109 99 600 | 0 286
109 99 734 | 0 222
117 100 724 | 0 171
109 99 587 | 73 70
106 100 3 | 92 95
117 100 94 | 72 71
117 100 32 | 84 88
106 100 541 | 99 97
103 95 156 | 0 217
117 100 636 | 0 246
106 100 581 | 0 204
117 100 2 | 0 224
117 100 104 | 0 204
99 97 325 | 0 290
106 100 815 | 0 316
109 99 302 | 0 243
109 99 132 | 0 136
106 100 363 | 0 161
117 100 174 | 63 76
117 100 563 | 0 291
117 100 4 | 0 231
117 100 228 | 0 267
117 100 372 | 0 122
106 100 425 | 65 69
109 99 206 | 0 197
106 100 313 | 0 275
109 99 296 | 0 373
109 99 198 | 0 466
117 100 274 | 0 303
117 100 292 | 0 212
117 100 914 | 0 414
109 99 136 | 0 246
117 100 116 | 78 98
117 100 422 | 0 281
99 97 961 | 0 276
106 100 783 | 78 98
117 100 426 | 77 73
109 99 788 | 0 470
117 100 162 | 0 193
117 100 986 | 99 97
109 99 106 | 0 198
106 100 795 | 0 220
109 99 550 | 0 316
109 99 304 | 0 230
117 100 90 | 0 172
117 100 8 | 77 86
117 100 288 | 0 275
117 100 4 | 0 193
109 99 726 | 0 283
117 100 430 | 0 321
106 100 475 | 77 86
117 100 522 | 0 266
117 100 710 | 0 114
106 100 1 | 0 294
109 99 498 | 0 247
109 99 776 | 0 316
109 99 852 | 0 235
106 100 491 | 0 231
117 100 992 | 0 143
109 99 76 | 0 221
109 99 64 | 0 155
117 100 423 | 0 333
109 99 472 | 0 352
117 100 42 | 0 235
117 100 88 | 0 283
106 100 494 | 0 285
117 100 624 | 0 315
117 100 218 | 0 307
109 99 104 | 0 253
105 96 522 | 97 95
109 99 868 | 0 231
105 96 100 | 0 210
106 100 972 | 0 492
117 100 686 | 0 341
117 100 142 | 0 206
117 100 346 | 0 243
109 99 770 | 0 346
106 100 690 | 0 193
109 99 851 | 0 240
109 99 180 | 0 143
117 100 576 | 0 260
117 100 264 | 73 88
117 100 88 | 77 81
117 100 184 | 0 164
117 100 42 | 0 193
105 96 334 | 0 138
117 100 364 | 0 277
105 96 496 | 0 214
117 100 90 | 0 264
117 100 178 | 0 152
109 99 156 | 59 65
117 100 561 | 0 286
117 100 334 | 0 183
106 100 809 | 0 196
117 100 622 | 89 98
117 100 965 | 0 245
109 99 348 | 85 95
117 100 592 | 73 88
117 100 378 | 85 95
109 99 530 | 0 227
117 100 350 | 0 297
117 100 831 | 91 91
117 100 102 | 0 323
117 100 758 | 0 279
117 100 34 | 0 227
106 100 191 | 0 252
99 97 651 | 0 119
106 100 680 | 0 309
117 100 208 | 0 231
117 100 228 | 0 107
109 99 440 | 0 227
117 100 21 | 0 271
117 100 508 | 0 361
117 100 801 | 0 227
106 100 1 | 0 212
106 100 9 | 0 331
117 100 896 | 0 143
117 100 758 | 0 194
117 100 232 | 0 349
106 100 937 | 0 128
99 97 807 | 0 244
99 97 29 | 0 211
117 100 668 | 0 349
117 100 429 | 89 98
117 100 774 | 85 95
117 100 152 | 0 294
117 100 20 | 0 228
117 100 388 | 0 198
117 100 320 | 0 312
117 100 160 | 99 97
109 99 116 | 91 91
106 100 1 | 77 81
117 100 352 | 109 99
106 100 909 | 0 191
117 100 256 | 0 198
117 100 114 | 0 203
117 100 688 | 0 301
117 100 62 | 78 98
105 96 862 | 0 103
117 100 60 | 0 360
117 100 172 | 71 77
109 99 142 | 0 181
109 99 686 | 63 76
109 99 196 | 0 211
117 100 514 | 0 293
117 100 82 | 117 100
109 99 976 | 0 184
106 100 137 | 0 276
117 100 604 | 0 113
117 100 790 | 0 341
117 100 604 | 0 212
109 99 606 | 0 311
117 100 564 | 0 349
117 100 684 | 0 319
109 99 80 | 0 311
117 100 664 | 97 95
117 100 378 | 0 466
105 96 148 | 0 449
106 100 137 | 0 167
106 100 853 | 79 85
117 100 190 | 0 318
117 100 422 | 84 88
106 100 45 | 0 230
117 100 62 | 0 209
106 100 259 | 87 93
109 99 414 | 0 286
109 99 473 | 0 219
117 100 731 | 0 197
117 100 530 | 0 286
117 100 212 | 0 356
117 100 217 | 0 239
117 100 592 | 80 91
106 100 569 | 0 193
109 99 724 | 0 368
117 100 248 | 0 202
117 100 475 | 0 117
117 100 50 | 0 308
117 100 178 | 90 92
117 100 314 | 0 284
109 99 4 | 0 236
117 100 134 | 77 81
117 100 506 | 0 238
117 100 620 | 0 240
117 100 104 | 77 86
109 99 928 | 0 307
117 100 928 | 0 158
105 96 432 | 0 112
117 100 386 | 0 422
117 100 238 | 0 287
109 99 810 | 73 88
109 99 949 | 0 231
117 100 26 | 0 445
109 99 624 | 0 444
117 100 822 | 0 349
117 100 70 | 0 198
109 99 106 | 0 280
117 100 728 | 0 392
117 100 646 | 0 308
117 100 635 | 0 239
103 95 124 | 0 211
117 100 607 | 0 276
117 100 78 | 0 254
117 100 128 | 0 289
117 100 82 | 0 279
106 100 1 | 0 328
117 100 788 | 0 330
106 100 147 | 0 270
117 100 674 | 0 311
117 100 184 | 0 166
105 96 4 | 0 292
117 100 220 | 0 271
98 93 333 | 0 470
117 100 426 | 0 343
117 100 664 | 105 96
109 99 724 | 87 93
106 100 41 | 80 91
117 100 508 | 0 214
117 100 98 | 0 180
117 100 234 | 0 268
106 100 385 | 0 181
105 96 16 | 0 297
109 99 110 | 0 198
109 99 480 | 97 95
97 95 378 | 76 69
117 100 144 | 0 218
106 100 178 | 0 333
117 100 14 | 0 238
109 99 156 | 0 272
117 100 642 | 0 204
117 100 182 | 0 224
117 100 496 | 0 253
109 99 842 | 0 103
117 100 346 | 0 291
109 99 900 | 80 91
117 100 376 | 0 252
106 100 427 | 0 273
109 99 126 | 0 240
117 100 842 | 103 95
117 100 78 | 0 337
117 100 340 | 78 98
117 100 434 | 78 98
117 100 224 | 0 214
117 100 334 | 0 248
117 100 242 | 0 309
106 100 643 | 0 320
109 99 916 | 91 91
117 100 16 | 0 232
117 100 40 | 76 69
117 100 512 | 0 342
106 100 23 | 0 169
117 100 6 | 0 466
109 99 827 | 47 48
105 96 124 | 0 249
106 100 759 | 0 255
98 93 4 | 0 261
117 100 460 | 0 204
117 100 398 | 0 205
117 100 934 | 0 223
117 100 710 | 0 227
109 99 264 | 71 77
117 100 891 | 0 190
117 100 10 | 0 169
117 100 844 | 0 397
117 100 102 | 0 352
117 100 448 | 89 98
117 100 132 | 0 271
117 100 143 | 0 317
109 99 770 | 0 243
109 99 779 | 0 159
109 99 968 | 0 267
117 100 324 | 0 345
106 100 321 | 87 93
117 100 338 | 117 100
105 96 404 | 59 65
117 100 834 | 0 172
109 99 574 | 0 245
117 100 78 | 0 289
117 100 948 | 0 344
117 100 745 | 0 252
91 91 592 | 0 375
103 95 248 | 0 306
117 100 130 | 0 397
109 99 326 | 0 343
117 100 720 | 0 264
117 100 616 | 0 227
103 95 258 | 77 81
117 100 2 | 0 246
117 100 554 | 0 203
105 96 286 | 0 294
109 99 256 | 0 131
117 100 88 | 0 444
106 100 403 | 103 95
109 99 164 | 0 221
106 100 651 | 0 286
117 100 444 | 0 268
117 100 666 | 0 318
117 100 486 | 0 128
117 100 4 | 89 98
109 99 72 | 0 227
117 100 194 | 76 69
109 99 833 | 77 86
117 100 208 | 0 307
106 100 829 | 0 286
117 100 560 | 109 99
117 100 886 | 0 306
106 100 589 | 0 230
117 100 94 | 0 273
109 99 408 | 0 203
117 100 993 | 117 100
117 100 836 | 0 207
109 99 939 | 89 98
117 100 108 | 0 275
117 100 744 | 0 271
117 100 199 | 0 299
117 100 999 | 117 100
103 95 389 | 0 235
117 100 178 | 91 91
117 100 100 | 0 330
117 100 198 | 0 318
105 96 50 | 0 146
109 99 118 | 92 95
109 99 574 | 0 354
117 100 226 | 0 345
109 99 168 | 85 95
117 100 290 | 0 307
105 96 320 | 0 273
117 100 108 | 0 227
117 100 496 | 0 128
117 100 58 | 106 100
117 100 170 | 98 93
117 100 236 | 66 67
117 100 312 | 0 295
117 100 803 | 0 264
117 100 306 | 0 199
106 100 291 | 0 309
117 100 175 | 0 411
106 100 45 | 65 69
106 100 675 | 0 224
109 99 546 | 77 81
117 100 42 | 0 269
117 100 10 | 0 290
106 100 73 | 0 346
117 100 126 | 0 173
106 100 627 | 0 143
106 100 165 | 0 252
106 100 1 | 83 90
109 99 599 | 91 91
117 100 648 | 0 235
105 96 870 | 59 52
117 100 234 | 0 328
109 99 210 | 73 70
117 100 614 | 0 346
117 100 132 | 0 229
109 99 302 | 0 242
117 100 172 | 0 251
117 100 678 | 0 254
105 96 778 | 0 158
106 100 541 | 0 139
117 100 399 | 0 293
117 100 330 | 0 253
109 99 751 | 0 449
117 100 926 | 105 96
117 100 143 | 0 276
117 100 112 | 0 492
109 99 892 | 0 221
117 100 282 | 0 268
117 100 872 | 0 199
117 100 342 | 0 307
117 100 844 | 0 143
109 99 465 | 0 147
117 100 4 | 0 214
117 100 350 | 106 100
117 100 174 | 0 312
117 100 413 | 0 266
117 100 300 | 0 356
117 100 975 | 0 240
109 99 178 | 0 428
117 100 746 | 0 273
106 100 784 | 0 333
117 100 342 | 0 279
109 99 675 | 0 401
117 100 400 | 91 78
117 100 455 | 0 194
117 100 281 | 0 236
117 100 979 | 0 423
117 100 501 | 0 311
117 100 914 | 0 428
117 100 681 | 0 306
117 100 86 | 77 86
105 96 980 | 0 145
117 100 332 | 90 92
117 100 401 | 0 195
117 100 48 | 0 342
106 100 141 | 0 349
109 99 138 | 0 375
117 100 178 | 0 187
106 100 863 | 0 209
117 100 382 | 0 206
117 100 140 | 0 360
117 100 854 | 0 214
105 96 942 | 0 228
109 99 492 | 0 220
109 99 460 | 90 92
103 95 442 | 77 81
117 100 625 | 0 404
117 100 238 | 0 425
117 100 586 | 0 256
98 93 572 | 0 315
117 100 686 | 89 98
117 100 406 | 0 179
105 96 528 | 0 278
99 97 253 | 0 318
106 100 605 | 0 395
117 100 822 | 0 323
109 99 616 | 0 349
117 100 316 | 0 273
117 100 102 | 0 298
105 96 214 | 85 100
109 99 230 | 0 390
106 100 307 | 0 338
117 100 458 | 0 249
109 99 977 | 89 98
117 100 300 | 0 183
117 100 66 | 78 98
117 100 176 | 0 195
117 100 665 | 0 379
117 100 42 | 0 381
117 100 376 | 0 306
117 100 462 | 0 181
117 100 180 | 0 262
117 100 62 | 0 250
117 100 100 | 0 254
109 99 4 | 0 275
117 100 182 | 0 223
105 96 176 | 85 95
117 100 634 | 0 195
117 100 438 | 80 91
117 100 484 | 0 394
117 100 240 | 0 283
117 100 788 | 109 99
109 99 760 | 85 95
117 100 298 | 0 214
106 100 241 | 0 243
109 99 896 | 89 98
109 99 486 | 0 285
117 100 932 | 0 288
117 100 326 | 0 328
117 100 308 | 0 294
117 100 868 | 0 320
117 100 438 | 0 330
117 100 90 | 0 269
99 97 427 | 51 64
117 100 240 | 0 359
117 100 642 | 0 290
105 96 708 | 0 268
117 100 248 | 91 78
117 100 333 | 0 290
106 100 67 | 0 426
117 100 382 | 0 160
117 100 462 | 0 390
117 100 642 | 0 361
117 100 466 | 87 93
117 100 822 | 0 247
117 100 76 | 0 373
117 100 388 | 33 43
117 100 852 | 106 100
105 96 680 | 91 91
117 100 40 | 0 359
109 99 278 | 0 349
117 100 592 | 0 312
109 99 338 | 0 300
117 100 974 | 0 470
117 100 902 | 0 273
109 99 353 | 90 92
117 100 236 | 91 91
109 99 878 | 0 411
117 100 514 | 0 401
106 100 273 | 0 255
117 100 188 | 0 373
109 99 174 | 0 278
105 96 10 | 0 381
117 100 500 | 0 359
105 96 532 | 0 220
117 100 232 | 91 91
117 100 708 | 0 397
117 100 580 | 77 81
109 99 322 | 0 330
106 100 307 | 0 111
106 100 61 | 0 197
117 100 179 | 0 323
117 100 352 | 0 364
117 100 692 | 0 404
109 99 570 | 0 245
117 100 596 | 85 74
106 100 813 | 0 216
117 100 630 | 0 407
109 99 571 | 0 299
109 99 128 | 0 368
109 99 959 | 73 88
117 100 240 | 91 78
109 99 892 | 0 208
106 100 769 | 0 138
109 99 997 | 109 99
117 100 380 | 89 98
103 95 692 | 0 404
117 100 696 | 0 421
109 99 933 | 0 169
117 100 986 | 0 404
106 100 897 | 63 76
117 100 754 | 0 223
117 100 590 | 0 126
117 100 242 | 73 88
117 100 471 | 0 312
103 95 285 | 0 371
117 100 300 | 0 302
117 100 712 | 0 449
109 99 132 | 0 302
105 96 558 | 0 188
106 100 191 | 72 71
109 99 697 | 0 199
117 100 8 | 0 159
117 100 776 | 105 96
109 99 604 | 0 310
117 100 168 | 89 98
117 100 924 | 0 214
106 100 63 | 0 273
117 100 876 | 0 415
106 100 603 | 0 355
117 100 558 | 85 95
117 100 939 | 0 271
117 100 456 | 103 95
117 100 714 | 50 47
117 100 398 | 0 348
117 100 146 | 0 267
117 100 65 | 0 169
117 100 574 | 0 285
117 100 252 | 79 74
109 99 705 | 0 323
106 100 422 | 0 244
117 100 88 | 83 90
109 99 274 | 0 300
103 95 708 | 0 176
117 100 138 | 91 91
117 100 142 | 0 180
117 100 150 | 83 90
106 100 635 | 0 172
109 99 128 | 0 241
98 93 98 | 0 312
109 99 480 | 0 273
117 100 932 | 0 228
117 100 784 | 91 78
117 100 350 | 0 233
109 99 430 | 0 228
106 100 203 | 51 64
106 100 99 | 0 295
117 100 133 | 0 212
117 100 799 | 0 437
105 96 261 | 0 347
106 100 145 | 105 96
117 100 310 | 0 134
106 100 263 | 0 171
117 100 716 | 0 286
105 96 168 | 0 242
117 100 114 | 0 231
117 100 268 | 78 98
106 100 390 | 0 297
106 100 1 | 0 332
117 100 829 | 0 163
117 100 82 | 0 311
109 99 50 | 0 397
106 100 715 | 91 91
109 99 111 | 0 329
109 99 780 | 0 202
117 100 783 | 0 250
117 100 418 | 0 254
106 100 523 | 0 301
117 100 60 | 0 325
106 100 3 | 0 204
117 100 660 | 0 155
117 100 677 | 0 121
109 99 200 | 0 319
109 99 330 | 90 92
105 96 614 | 85 95
109 99 631 | 73 70
117 100 40 | 0 316
117 100 188 | 109 99
117 100 298 | 0 304
117 100 103 | 0 426
105 96 312 | 0 331
117 100 90 | 65 69
117 100 329 | 105 96
117 100 406 | 0 282
109 99 622 | 0 183
109 99 479 | 0 242
117 100 534 | 0 321
109 99 609 | 0 129
117 100 308 | 0 211
117 100 416 | 109 99
117 100 44 | 0 226
117 100 192 | 0 275
117 100 564 | 0 286
105 96 378 | 0 325
117 100 991 | 117 100
117 100 290 | 106 100
117 100 6 | 0 392
117 100 778 | 0 327
117 100 771 | 0 245
117 100 97 | 117 100
117 100 234 | 0 304
109 99 8 | 0 344
117 100 526 | 0 368
117 100 635 | 0 251
117 100 284 | 0 230
117 100 563 | 0 214
Media das Iteracoes: 425.747
Valor: 117 - Aparece 578 vezes
Valor: 109 - Aparece 222 vezes
Valor: 106 - Aparece 116 vezes
Valor: 105 - Aparece 46 vezes
Valor: 103 - Aparece 18 vezes
Valor: 99 - Aparece 10 vezes
Valor: 98 - Aparece 5 vezes
Valor: 97 - Aparece 3 vezes
Valor: 91 - Aparece 1 vezes
Valor: 90 - Aparece 1 vezes
Porcentagem de ocorrências do maior valor em relação a todos os outros: 57.8%

Temperatura inicial: 10000 | População inicial fixa em 1's
Função de resfriamento linear | 1000 execuçõesTemperatura inicial: 10000
109 99 325 | 87 93
109 99 264 | 0 288
117 100 828 | 0 416
117 100 8 | 0 280
117 100 46 | 0 371
117 100 310 | 0 198
106 100 359 | 0 207
109 99 694 | 0 324
117 100 704 | 0 224
117 100 496 | 0 301
117 100 444 | 0 188
109 99 60 | 0 158
109 99 320 | 0 182
117 100 160 | 0 250
109 99 206 | 97 95
117 100 216 | 0 199
103 95 26 | 97 95
109 99 888 | 0 225
117 100 60 | 0 152
117 100 856 | 83 90
117 100 757 | 85 74
105 96 90 | 0 139
117 100 132 | 89 98
117 100 98 | 0 235
117 100 594 | 84 88
117 100 218 | 0 404
117 100 366 | 0 299
117 100 307 | 0 379
106 100 203 | 0 399
117 100 60 | 0 382
117 100 678 | 0 255
109 99 862 | 76 69
117 100 282 | 0 223
117 100 957 | 0 276
117 100 994 | 117 100
106 100 183 | 0 261
117 100 264 | 103 95
117 100 212 | 0 211
117 100 260 | 47 48
105 96 569 | 0 290
117 100 42 | 0 297
109 99 598 | 85 74
117 100 458 | 0 236
109 99 708 | 0 240
117 100 238 | 0 121
117 100 700 | 0 325
109 99 757 | 0 293
117 100 20 | 98 93
117 100 30 | 0 311
106 100 275 | 0 371
106 100 115 | 0 204
117 100 148 | 0 121
117 100 124 | 0 341
117 100 60 | 0 254
109 99 780 | 0 275
117 100 376 | 0 288
109 99 62 | 0 194
117 100 50 | 0 257
117 100 82 | 0 178
117 100 90 | 0 162
117 100 564 | 80 91
106 100 507 | 76 69
109 99 666 | 51 64
117 100 324 | 0 349
117 100 838 | 0 288
109 99 326 | 0 171
117 100 676 | 0 344
117 100 468 | 0 297
117 100 146 | 85 95
103 95 313 | 0 245
92 95 946 | 0 385
117 100 46 | 0 326
106 100 261 | 0 150
117 100 926 | 0 252
117 100 1000 | 117 100
109 99 944 | 0 165
106 100 425 | 0 230
109 99 850 | 0 200
109 99 597 | 0 217
105 96 74 | 0 271
117 100 489 | 0 276
98 93 792 | 0 171
99 97 437 | 0 269
117 100 182 | 0 192
117 100 138 | 0 168
106 100 17 | 0 440
117 100 318 | 0 179
117 100 362 | 0 278
109 99 896 | 0 189
106 100 463 | 0 214
109 99 186 | 97 95
117 100 36 | 0 394
117 100 340 | 0 301
109 99 826 | 0 302
109 99 251 | 0 194
103 95 836 | 0 220
117 100 508 | 91 91
117 100 314 | 0 316
117 100 440 | 0 290
105 96 768 | 0 209
99 97 103 | 0 242
106 100 745 | 80 91
117 100 20 | 0 275
117 100 122 | 0 271
117 100 220 | 0 128
109 99 298 | 0 166
117 100 332 | 0 235
106 100 9 | 0 338
117 100 174 | 0 254
117 100 760 | 0 141
117 100 798 | 0 176
103 95 366 | 0 246
106 100 649 | 84 88
117 100 498 | 0 279
109 99 602 | 0 191
117 100 306 | 0 358
109 99 674 | 0 184
117 100 776 | 0 197
117 100 30 | 79 74
117 100 48 | 0 266
109 99 592 | 0 333
117 100 576 | 0 117
109 99 566 | 0 320
117 100 70 | 0 332
117 100 574 | 0 323
106 100 109 | 0 394
117 100 382 | 0 320
109 99 48 | 0 249
117 100 132 | 0 370
117 100 434 | 0 202
117 100 589 | 0 162
109 99 268 | 0 199
117 100 40 | 0 311
117 100 62 | 0 252
117 100 734 | 0 364
109 99 452 | 0 136
117 100 168 | 0 271
117 100 835 | 0 136
109 99 640 | 0 261
106 100 904 | 0 335
109 99 142 | 78 98
117 100 742 | 0 209
109 99 397 | 103 95
117 100 186 | 89 98
117 100 900 | 0 348
99 97 867 | 0 201
117 100 430 | 0 231
106 100 319 | 0 348
117 100 296 | 0 293
109 99 128 | 0 369
117 100 130 | 0 249
117 100 90 | 0 316
117 100 90 | 0 237
117 100 8 | 0 167
117 100 483 | 0 319
117 100 14 | 0 228
117 100 226 | 0 274
105 96 508 | 79 85
98 93 298 | 51 64
117 100 314 | 0 278
117 100 180 | 0 250
117 100 168 | 0 304
106 100 702 | 0 275
106 100 421 | 0 318
117 100 540 | 0 253
117 100 430 | 85 95
117 100 46 | 0 297
117 100 282 | 0 353
109 99 354 | 0 216
117 100 708 | 0 207
103 95 818 | 0 113
106 100 929 | 0 203
103 95 750 | 0 394
106 100 797 | 0 257
117 100 234 | 0 242
117 100 168 | 77 73
117 100 20 | 0 158
117 100 244 | 0 211
106 100 953 | 0 102
117 100 320 | 0 349
117 100 174 | 0 280
117 100 40 | 0 269
105 96 428 | 0 247
117 100 48 | 0 273
109 99 686 | 0 254
109 99 156 | 0 254
117 100 350 | 0 326
99 97 29 | 0 217
117 100 856 | 91 91
117 100 488 | 0 283
117 100 844 | 85 74
109 99 999 | 109 99
117 100 794 | 0 368
117 100 681 | 0 183
117 100 124 | 0 298
106 100 367 | 0 145
109 99 628 | 0 324
117 100 448 | 59 65
103 95 664 | 0 375
117 100 700 | 0 354
103 95 14 | 0 253
117 100 606 | 65 69
117 100 778 | 91 78
117 100 14 | 0 245
117 100 370 | 71 77
117 100 252 | 77 81
117 100 638 | 0 287
117 100 928 | 0 141
117 100 167 | 0 321
109 99 996 | 109 99
117 100 896 | 0 172
117 100 740 | 0 326
117 100 492 | 87 93
117 100 64 | 0 338
106 100 63 | 77 81
117 100 558 | 0 257
117 100 946 | 0 312
105 96 626 | 0 210
109 99 260 | 0 230
117 100 96 | 0 194
117 100 900 | 0 257
117 100 18 | 97 95
105 96 276 | 0 269
117 100 212 | 98 93
117 100 485 | 0 283
106 100 391 | 0 328
109 99 653 | 0 193
117 100 92 | 0 224
106 100 912 | 0 254
109 99 458 | 0 195
109 99 310 | 109 99
98 93 596 | 0 195
109 99 466 | 0 272
97 95 76 | 0 203
117 100 742 | 0 386
117 100 48 | 0 219
117 100 603 | 0 180
105 96 266 | 89 98
109 99 268 | 0 195
109 99 276 | 103 95
109 99 958 | 0 325
117 100 450 | 0 280
106 100 541 | 77 86
109 99 987 | 0 143
117 100 88 | 0 376
106 100 465 | 0 418
109 99 266 | 0 164
117 100 818 | 0 214
106 100 153 | 0 257
105 96 336 | 0 257
117 100 60 | 0 294
109 99 178 | 0 344
117 100 992 | 0 208
117 100 261 | 84 88
109 99 456 | 0 283
109 99 724 | 0 267
99 97 679 | 0 228
105 96 62 | 91 91
117 100 242 | 0 342
117 100 556 | 0 213
117 100 612 | 0 264
103 95 455 | 85 100
117 100 98 | 0 256
117 100 722 | 0 414
109 99 28 | 0 284
109 99 409 | 0 238
109 99 100 | 0 259
117 100 602 | 0 318
117 100 98 | 73 70
117 100 148 | 84 88
117 100 422 | 0 302
117 100 50 | 0 307
117 100 18 | 0 297
117 100 126 | 0 185
109 99 18 | 0 122
117 100 10 | 66 67
109 99 930 | 0 358
117 100 280 | 0 251
117 100 40 | 0 283
109 99 162 | 0 273
117 100 362 | 73 88
109 99 82 | 0 257
109 99 834 | 103 95
117 100 518 | 0 242
117 100 922 | 0 347
106 100 449 | 80 91
117 100 394 | 0 285
117 100 78 | 0 326
117 100 396 | 105 96
117 100 148 | 0 268
117 100 651 | 0 188
109 99 616 | 0 379
117 100 98 | 58 66
117 100 819 | 0 406
117 100 243 | 0 350
117 100 344 | 0 264
109 99 366 | 0 225
117 100 664 | 0 165
117 100 122 | 63 76
117 100 460 | 77 81
117 100 26 | 0 190
106 100 123 | 0 237
117 100 594 | 0 283
109 99 556 | 0 281
117 100 284 | 0 236
117 100 624 | 91 91
106 100 289 | 85 95
117 100 540 | 0 271
106 100 693 | 0 342
99 97 800 | 0 342
117 100 236 | 109 99
103 95 571 | 0 320
106 100 956 | 0 272
117 100 744 | 58 66
109 99 424 | 73 88
117 100 811 | 79 85
106 100 99 | 0 235
106 100 139 | 0 312
117 100 580 | 58 48
117 100 104 | 0 349
117 100 954 | 0 262
109 99 703 | 0 330
109 99 668 | 0 352
117 100 266 | 0 378
117 100 478 | 0 323
117 100 280 | 80 91
105 96 680 | 0 346
117 100 78 | 0 373
117 100 602 | 0 352
117 100 678 | 0 354
117 100 296 | 0 269
106 100 339 | 77 73
105 96 134 | 0 198
109 99 687 | 77 81
105 96 754 | 0 315
117 100 790 | 0 257
117 100 508 | 0 225
117 100 874 | 80 91
117 100 16 | 0 278
117 100 92 | 0 249
109 99 378 | 85 100
109 99 280 | 58 66
117 100 502 | 0 162
117 100 780 | 0 276
117 100 332 | 91 91
117 100 465 | 0 234
117 100 212 | 0 273
117 100 350 | 0 214
117 100 470 | 0 278
117 100 219 | 0 263
117 100 206 | 0 219
106 100 725 | 0 351
103 95 206 | 0 306
117 100 44 | 0 282
117 100 416 | 0 263
117 100 519 | 0 325
117 100 194 | 91 78
99 97 929 | 79 85
98 93 12 | 0 342
117 100 74 | 0 305
109 99 656 | 0 394
106 100 541 | 99 97
117 100 996 | 117 100
117 100 512 | 0 198
117 100 504 | 0 284
117 100 26 | 0 223
117 100 608 | 0 297
117 100 658 | 0 277
117 100 408 | 0 167
109 99 351 | 0 193
117 100 599 | 0 161
117 100 64 | 105 96
109 99 752 | 0 222
117 100 566 | 0 188
117 100 621 | 0 193
117 100 356 | 0 238
109 99 356 | 0 148
109 99 852 | 0 230
109 99 6 | 0 226
105 96 628 | 0 269
117 100 749 | 58 66
117 100 20 | 0 240
97 95 878 | 0 116
117 100 772 | 117 100
117 100 351 | 78 98
109 99 430 | 0 218
103 95 578 | 91 91
109 99 346 | 0 184
109 99 842 | 0 301
117 100 128 | 0 371
117 100 274 | 0 298
117 100 36 | 0 330
109 99 490 | 105 96
109 99 962 | 0 235
117 100 276 | 77 81
117 100 174 | 73 88
117 100 124 | 0 371
117 100 738 | 0 115
106 100 61 | 0 191
105 96 154 | 0 305
109 99 391 | 0 252
117 100 288 | 0 238
117 100 758 | 65 69
109 99 500 | 0 243
106 100 831 | 0 385
109 99 706 | 0 368
117 100 6 | 0 164
105 96 723 | 0 172
117 100 96 | 0 319
117 100 728 | 0 190
117 100 512 | 0 214
109 99 622 | 0 243
117 100 840 | 109 99
106 100 381 | 0 306
109 99 304 | 0 268
117 100 67 | 0 312
109 99 572 | 0 418
117 100 287 | 0 394
105 96 130 | 91 91
98 93 404 | 0 200
117 100 278 | 0 309
117 100 399 | 0 215
117 100 366 | 0 243
117 100 152 | 0 344
105 96 594 | 0 275
117 100 142 | 0 316
117 100 454 | 0 226
117 100 754 | 0 178
117 100 884 | 0 183
117 100 908 | 0 492
103 95 202 | 0 241
103 95 920 | 0 212
109 99 643 | 0 188
109 99 234 | 91 91
106 100 45 | 0 252
105 96 84 | 0 224
117 100 908 | 0 209
117 100 354 | 0 191
117 100 174 | 59 65
117 100 778 | 0 378
105 96 44 | 0 121
109 99 104 | 0 158
109 99 236 | 0 230
109 99 276 | 0 271
109 99 740 | 0 198
117 100 478 | 80 91
117 100 238 | 0 297
117 100 886 | 0 247
106 100 439 | 0 112
117 100 377 | 0 262
117 100 208 | 0 309
117 100 470 | 0 161
109 99 199 | 72 71
117 100 507 | 0 302
117 100 934 | 0 328
117 100 862 | 80 91
106 100 563 | 0 262
117 100 32 | 0 278
109 99 102 | 0 447
117 100 156 | 0 285
117 100 440 | 85 95
117 100 552 | 0 194
117 100 116 | 0 231
117 100 380 | 0 416
117 100 700 | 0 161
109 99 675 | 91 91
109 99 146 | 0 352
109 99 532 | 99 97
117 100 836 | 0 271
97 95 175 | 0 250
109 99 172 | 106 100
117 100 869 | 0 260
109 99 122 | 76 69
117 100 74 | 0 342
109 99 977 | 85 100
105 96 404 | 0 295
109 99 182 | 83 90
109 99 226 | 0 228
109 99 128 | 73 70
117 100 470 | 0 306
117 100 168 | 0 158
109 99 246 | 0 325
117 100 953 | 0 166
117 100 392 | 0 250
109 99 60 | 90 92
109 99 890 | 0 345
117 100 774 | 90 92
117 100 600 | 0 183
117 100 670 | 0 190
106 100 677 | 79 85
106 100 339 | 0 183
117 100 912 | 0 371
117 100 122 | 0 428
117 100 44 | 0 347
117 100 274 | 0 204
106 100 57 | 0 389
117 100 448 | 0 416
117 100 935 | 0 308
117 100 713 | 0 273
106 100 511 | 0 332
117 100 582 | 0 385
117 100 688 | 0 368
117 100 532 | 0 314
117 100 414 | 79 85
109 99 248 | 0 171
99 97 237 | 73 88
117 100 540 | 0 392
117 100 12 | 0 242
117 100 146 | 40 45
109 99 388 | 0 257
109 99 942 | 0 297
106 100 229 | 0 149
109 99 804 | 71 77
117 100 594 | 0 154
117 100 58 | 0 299
117 100 450 | 0 267
117 100 386 | 0 367
109 99 780 | 0 250
117 100 86 | 0 146
109 99 242 | 0 283
117 100 194 | 0 234
106 100 407 | 0 342
117 100 244 | 84 88
117 100 693 | 0 176
117 100 802 | 0 170
109 99 518 | 0 230
109 99 136 | 0 383
117 100 877 | 0 283
117 100 204 | 0 252
117 100 37 | 0 295
117 100 264 | 76 69
117 100 338 | 117 100
117 100 895 | 0 268
117 100 718 | 0 257
117 100 744 | 84 88
117 100 36 | 0 269
106 100 121 | 84 88
117 100 951 | 0 155
109 99 229 | 0 209
117 100 482 | 0 328
109 99 232 | 0 319
106 100 940 | 0 263
106 100 355 | 80 91
106 100 267 | 0 195
106 100 75 | 73 88
105 96 580 | 0 281
109 99 560 | 0 268
105 96 270 | 0 342
117 100 750 | 0 314
106 100 351 | 0 307
117 100 78 | 0 415
117 100 86 | 0 281
117 100 116 | 83 90
109 99 660 | 0 224
117 100 750 | 0 371
109 99 389 | 92 95
109 99 266 | 0 346
97 95 660 | 0 374
117 100 644 | 0 286
105 96 76 | 91 91
109 99 806 | 0 449
117 100 890 | 0 314
117 100 220 | 0 191
117 100 568 | 0 199
117 100 450 | 0 266
109 99 324 | 0 193
117 100 503 | 0 145
109 99 776 | 0 264
117 100 887 | 65 69
117 100 761 | 91 91
117 100 18 | 0 168
105 96 335 | 65 69
117 100 464 | 106 100
109 99 632 | 0 258
117 100 574 | 0 369
117 100 202 | 0 209
106 100 75 | 0 404
117 100 412 | 0 353
106 100 325 | 0 279
106 100 521 | 105 96
117 100 436 | 0 223
117 100 322 | 0 187
106 100 423 | 0 223
117 100 562 | 0 316
117 100 898 | 0 243
117 100 580 | 0 327
117 100 366 | 0 428
109 99 92 | 0 352
105 96 152 | 80 91
117 100 770 | 0 355
109 99 108 | 0 378
105 96 650 | 0 216
109 99 438 | 0 231
117 100 990 | 0 354
105 96 540 | 0 283
117 100 296 | 0 141
117 100 78 | 0 217
117 100 388 | 0 280
117 100 68 | 0 299
117 100 832 | 0 226
106 100 351 | 0 299
117 100 634 | 117 100
109 99 808 | 0 143
106 100 853 | 0 368
117 100 221 | 0 444
106 100 103 | 0 211
117 100 534 | 0 155
109 99 14 | 78 98
106 100 705 | 0 221
117 100 643 | 0 176
109 99 886 | 0 285
117 100 184 | 0 121
109 99 973 | 91 78
117 100 369 | 0 342
117 100 590 | 0 324
117 100 298 | 0 346
109 99 880 | 0 345
117 100 28 | 0 301
109 99 800 | 0 191
106 100 241 | 85 95
117 100 344 | 0 276
103 95 188 | 99 97
105 96 787 | 0 282
109 99 234 | 0 389
109 99 148 | 0 283
117 100 460 | 0 174
99 97 111 | 89 98
117 100 370 | 0 154
117 100 354 | 71 77
109 99 384 | 91 91
117 100 986 | 0 290
109 99 626 | 0 406
106 100 239 | 0 285
109 99 58 | 0 288
109 99 126 | 0 351
109 99 528 | 0 281
106 100 834 | 0 271
105 96 154 | 0 297
109 99 502 | 0 319
106 100 73 | 0 344
117 100 418 | 0 202
109 99 746 | 91 78
117 100 214 | 0 276
106 100 505 | 0 205
106 100 493 | 0 354
109 99 186 | 0 256
106 100 249 | 0 359
117 100 488 | 83 90
117 100 816 | 0 262
106 100 57 | 84 88
117 100 962 | 77 81
117 100 622 | 0 171
117 100 430 | 0 229
117 100 552 | 89 98
109 99 632 | 0 175
117 100 778 | 0 271
117 100 516 | 0 169
106 100 827 | 0 171
117 100 128 | 0 289
106 100 171 | 0 280
106 100 753 | 0 181
117 100 310 | 0 135
105 96 696 | 0 119
106 100 341 | 97 95
109 99 234 | 0 312
117 100 204 | 0 341
117 100 484 | 0 258
109 99 784 | 85 100
105 96 64 | 0 282
105 96 276 | 0 223
99 97 533 | 77 73
117 100 836 | 0 297
117 100 939 | 0 238
117 100 80 | 105 96
109 99 18 | 0 323
105 96 295 | 0 368
117 100 204 | 85 95
109 99 822 | 73 70
117 100 492 | 0 292
103 95 182 | 0 269
117 100 499 | 72 71
109 99 350 | 0 328
117 100 114 | 0 289
106 100 370 | 0 344
105 96 846 | 0 228
106 100 391 | 85 100
109 99 528 | 0 288
109 99 176 | 0 373
117 100 326 | 0 224
117 100 237 | 0 164
109 99 342 | 0 338
117 100 312 | 0 421
106 100 198 | 18 21
117 100 250 | 0 371
109 99 44 | 0 114
109 99 564 | 0 180
117 100 50 | 0 296
109 99 116 | 0 280
117 100 265 | 0 232
117 100 695 | 0 227
117 100 223 | 58 66
99 97 673 | 0 261
117 100 268 | 0 250
109 99 98 | 0 133
106 100 492 | 0 304
117 100 472 | 0 222
106 100 201 | 0 338
117 100 943 | 77 73
117 100 224 | 90 92
97 95 415 | 0 228
109 99 292 | 0 358
106 100 157 | 0 288
117 100 920 | 90 92
117 100 433 | 0 170
109 99 814 | 0 327
117 100 806 | 0 273
117 100 698 | 0 404
117 100 172 | 0 102
109 99 410 | 84 88
99 97 503 | 65 69
109 99 822 | 0 379
117 100 792 | 79 85
117 100 112 | 0 376
105 96 30 | 0 261
109 99 289 | 0 275
117 100 76 | 0 247
117 100 560 | 78 98
105 96 188 | 0 278
103 95 188 | 0 259
117 100 685 | 89 98
103 95 542 | 0 281
109 99 68 | 0 204
117 100 902 | 0 423
109 99 302 | 0 259
117 100 66 | 0 349
117 100 198 | 0 260
117 100 614 | 0 304
117 100 616 | 117 100
117 100 64 | 0 351
117 100 917 | 0 338
117 100 913 | 0 225
117 100 34 | 0 354
117 100 289 | 85 74
117 100 64 | 65 69
117 100 128 | 0 241
109 99 844 | 84 88
106 100 879 | 0 282
117 100 690 | 0 283
103 95 980 | 0 268
117 100 402 | 0 401
117 100 454 | 0 245
117 100 280 | 0 269
117 100 272 | 0 217
117 100 929 | 0 333
117 100 576 | 0 262
109 99 344 | 91 91
117 100 415 | 85 100
109 99 730 | 0 166
117 100 318 | 91 91
106 100 121 | 0 224
117 100 112 | 0 190
117 100 912 | 65 69
117 100 82 | 0 397
106 100 505 | 0 143
117 100 92 | 0 218
117 100 692 | 0 235
117 100 40 | 0 316
117 100 796 | 0 280
109 99 726 | 0 148
106 100 89 | 0 389
117 100 110 | 77 86
117 100 484 | 0 150
117 100 400 | 0 251
117 100 508 | 0 199
117 100 670 | 0 323
103 95 164 | 0 261
106 100 119 | 0 181
109 99 50 | 0 271
109 99 352 | 0 167
117 100 202 | 0 235
117 100 873 | 0 326
109 99 678 | 0 286
106 100 123 | 0 326
117 100 384 | 0 245
109 99 66 | 0 352
109 99 232 | 0 225
109 99 910 | 0 349
106 100 542 | 0 128
117 100 30 | 0 176
117 100 533 | 0 267
117 100 250 | 83 90
117 100 170 | 0 282
117 100 999 | 117 100
106 100 612 | 0 240
103 95 46 | 0 176
117 100 706 | 0 193
117 100 688 | 117 100
105 96 982 | 0 209
117 100 44 | 0 228
109 99 514 | 65 69
117 100 870 | 0 275
106 100 174 | 0 248
109 99 126 | 0 212
117 100 856 | 0 271
117 100 764 | 0 301
117 100 178 | 0 381
117 100 540 | 97 95
105 96 430 | 0 195
106 100 592 | 79 74
117 100 76 | 0 309
117 100 191 | 0 354
117 100 220 | 0 344
117 100 672 | 0 159
106 100 931 | 0 401
117 100 538 | 0 116
109 99 236 | 0 224
117 100 214 | 0 181
109 99 20 | 0 272
117 100 304 | 0 330
117 100 198 | 0 289
117 100 977 | 0 191
117 100 384 | 0 218
117 100 605 | 0 256
117 100 462 | 0 150
117 100 484 | 0 138
106 100 774 | 0 112
109 99 934 | 98 93
106 100 579 | 0 207
109 99 214 | 0 323
117 100 534 | 0 271
117 100 261 | 0 352
117 100 454 | 106 100
106 100 142 | 0 172
117 100 888 | 0 316
98 93 738 | 0 219
117 100 16 | 77 86
117 100 698 | 0 245
117 100 296 | 0 252
117 100 256 | 0 316
117 100 442 | 0 300
117 100 925 | 0 211
117 100 86 | 58 48
92 95 575 | 0 350
117 100 424 | 0 215
117 100 216 | 0 331
106 100 777 | 0 180
117 100 843 | 0 194
109 99 848 | 0 229
109 99 847 | 0 274
117 100 820 | 0 195
117 100 140 | 0 418
117 100 924 | 0 212
117 100 357 | 0 341
117 100 64 | 0 169
109 99 594 | 76 69
117 100 830 | 0 288
105 96 328 | 84 88
109 99 742 | 109 99
109 99 188 | 78 98
103 95 402 | 0 316
117 100 186 | 0 202
109 99 492 | 0 374
117 100 764 | 117 100
117 100 530 | 0 215
106 100 682 | 0 310
117 100 120 | 0 172
106 100 83 | 0 326
117 100 704 | 0 325
117 100 704 | 0 138
109 99 828 | 0 230
117 100 686 | 0 273
117 100 878 | 0 257
117 100 462 | 0 366
117 100 238 | 0 241
117 100 16 | 109 99
109 99 618 | 0 297
117 100 284 | 0 299
117 100 917 | 0 183
109 99 869 | 0 186
109 99 512 | 0 209
117 100 252 | 0 266
106 100 274 | 0 319
109 99 12 | 0 150
105 96 340 | 0 154
117 100 292 | 0 268
117 100 951 | 0 233
106 100 49 | 80 91
109 99 120 | 0 249
106 100 185 | 0 328
109 99 813 | 0 265
117 100 79 | 0 351
117 100 644 | 0 254
109 99 891 | 0 351
117 100 294 | 51 64
106 100 297 | 0 422
117 100 776 | 0 338
109 99 988 | 109 99
117 100 358 | 73 70
106 100 251 | 0 264
117 100 122 | 0 171
117 100 386 | 0 280
117 100 500 | 0 449
117 100 373 | 0 239
109 99 32 | 0 246
117 100 226 | 0 212
109 99 44 | 0 214
117 100 701 | 84 88
109 99 610 | 0 323
117 100 620 | 91 91
109 99 576 | 0 305
106 100 263 | 0 230
103 95 889 | 0 260
117 100 106 | 0 275
117 100 218 | 0 352
109 99 182 | 0 209
117 100 557 | 0 193
109 99 676 | 0 356
106 100 137 | 0 199
106 100 574 | 0 354
117 100 106 | 0 246
109 99 684 | 73 88
117 100 112 | 0 295
103 95 154 | 0 283
109 99 420 | 0 225
117 100 258 | 0 285
117 100 820 | 0 231
117 100 893 | 0 254
109 99 232 | 0 235
117 100 58 | 0 335
109 99 108 | 0 399
117 100 376 | 0 397
109 99 72 | 0 107
117 100 206 | 91 91
109 99 677 | 91 91
117 100 42 | 0 304
117 100 648 | 0 204
117 100 54 | 0 281
117 100 626 | 79 85
109 99 169 | 0 287
106 100 918 | 0 328
106 100 497 | 0 330
103 95 786 | 0 440
98 93 202 | 0 194
106 100 663 | 0 228
117 100 838 | 0 185
117 100 573 | 106 100
117 100 586 | 0 333
117 100 718 | 0 283
117 100 894 | 109 99
117 100 426 | 0 111
109 99 584 | 0 342
106 100 63 | 0 304
98 93 44 | 0 368
109 99 301 | 0 202
99 97 487 | 0 259
117 100 940 | 0 143
106 100 952 | 0 168
109 99 745 | 0 242
109 99 438 | 0 304
106 100 591 | 77 86
117 100 108 | 0 397
117 100 204 | 0 117
117 100 928 | 0 257
117 100 630 | 0 401
109 99 265 | 97 95
117 100 458 | 99 97
106 100 903 | 0 278
117 100 204 | 91 91
117 100 342 | 0 232
117 100 350 | 0 193
117 100 72 | 0 267
103 95 608 | 0 216
117 100 598 | 85 74
109 99 144 | 0 304
117 100 835 | 0 206
117 100 94 | 0 312
117 100 288 | 0 261
106 100 41 | 0 242
106 100 706 | 0 397
117 100 602 | 0 326
117 100 534 | 91 78
109 99 348 | 0 202
117 100 811 | 0 280
98 93 346 | 0 292
109 99 878 | 0 282
105 96 562 | 0 264
117 100 483 | 117 100
117 100 24 | 0 356
117 100 976 | 0 191
105 96 240 | 79 85
117 100 448 | 0 352
117 100 124 | 0 315
109 99 94 | 0 253
117 100 72 | 0 229
106 100 159 | 85 95
117 100 872 | 109 99
117 100 534 | 0 392
117 100 853 | 0 370
109 99 924 | 0 113
117 100 676 | 0 316
Media das Iteracoes: 434.019
Valor: 117 - Aparece 566 vezes
Valor: 109 - Aparece 218 vezes
Valor: 106 - Aparece 117 vezes
Valor: 105 - Aparece 44 vezes
Valor: 103 - Aparece 26 vezes
Valor: 99 - Aparece 13 vezes
Valor: 98 - Aparece 9 vezes
Valor: 97 - Aparece 5 vezes
Valor: 92 - Aparece 2 vezes
Porcentagem de ocorrências do maior valor em relação a todos os outros: 56.6%

